9781118966020
9781259194320
9781118943656
9781118638606
9781118943656
9781118638606
9780393921434
9781598746051
9780205728503
9780500200728
9780321820464
9781464124921
9780321820464
9781464124921
9780143118756
9780140235319
9781585039630
9780321681515
9780321681515
9780738043159
9780738043159
9780321558145
9780738064543
9780738063560
9780738064543
9780738064543
9780738063584
9780738064543
9780738063584
9781118566381
9781118566848
9781118566381
9781118566848
9780738068428
9780321948465
9780077350062
9780393925920
9780073524191
9780966580778
9780966580778
9781555816278
9780133889444
9781285185248
9780538472777
9781118164297
9780077402327
9781133108665
9780199846375
9780073398235
9780470417010
9780471720638
9780072566086
9780470259610
9780321934826
9781930882744
9780738071275
9780738071275
9781930882744
9780738071275
9781930882744
9780738071275
9781930882744
9780738071275
9781930882744
9780738071275
9781930882744
9780738071275
9781930882744
9780738071275
9781930882744
9781429218153
9780321596956
9781118133576
9781118147900
9781118010402
9781118133576
9781118147900
9781930882461
9781118083390
9780536260192
9781930882461
9781118083390
9780536260192
9781930882461
9781118083390
9780536260192
9781930882461
9781118083390
9780199997329
9781615499595
9780195070088
9780195061659
9780872203907
9781575252650
9780226307800
9780226307848
9781585101559
9780140443240
9780982703496
9781605258027
9781118138915
9780137162673
9780131186552
9780393306767
9781439059647
9780130972354
9780470436271
9780393311525
9780132473989
9780471449881
9780470541371
9780071797870
9781465254320
9781465254320
9781259386343
9781259386343
9781259386343
9781465254320
9781465254320
9781259386343
9781259386343
9781259386343
9781259386343
9781259386343
9781259386343
9781615496891
9780205029372
0205029372
0205029372
0205525003
9781259409059
9781259409059
9780078138980
9780078138980
9781121838345
9781121838345
9781429244091
9781429264242
9781429244091
9781429264242
9780132857123
9780132870498
9780137073603
9780739377451
9780137073603
9780739377451
9781256130826
9781256130826
9780137073603
9781256130826
9781256130826
9781256130826
9781256130826
9781256130826
9781256130826
9781256130826
9780137073603
9780132626125
9780137035090
9780133831030
9780137035090
9780142401132
9780439443838
9780078024429
9780763647834
9780312644802
9780060760908
9780061992254
9780375836909
9781416955344
9780545551434
9780375869020
9780451163967
9780451526816
9780820430287
9780545464406
9780544302150
9780763663872
9780807756232
9780805836820
9781269257589
9780133413984
9780077366766
9780073380667
9780133413984
9780131500457
9780132313506
9789620058899
9780133041828
9780194369763
9781447938958
9780131849372
9780131849341
9781424049899
9780137281145
9780132463003
9780194369763
9780131849372
9780131849341
9789620058905
9780136133353
9781424051007
9781424043620
9780194369763
9780132469326
9780138022129
9780136133131
9781424062102
9780135027714
9780132469326
9780138022129
9780132056779
9781424051014
9780136002147
9780132333337
9780132415439
9780138140007
9780132912747
9780472032051
9780132333337
9780132415439
9781133526551
9780133783032
9781133526551
9780133783032
9781133596745
9780131702776
9781133526551
9780133783032
9780205849574
9781452244402
9781556203183
9781111840501
9781433805615
9781555423544
9781118573334
9780521735742
9781469131160
9781285922362
9780738067155
9780073405926
9780312647360
9781457604508
9781577665304
9781577665304
9780321852762
9781457661266
9780312650698
9781457661266
9781308355528
9780205171569
9780393935844
9780840027764
0141439822
9780143106494
9780140096231
9780141181271
9780684801544
9780743297332
9780679724643
9781439182710
9780140430400
9780061120060
9780060913076
9780743273565
9780811218221
9780811218917
9780142437315
9780140187762
9780679724643
9780684801544
9780684804521
9780743297332
9780871403742
9781439182710
9780814251799
9780321864857
9781465270184
9781465270184
9781465270184
9781465270184
9781612903439
9781599941653
9780534381943
9780133908374
9780133936759
9780073535104
0205964345
0133316032
9780321821058
9780321821058
9780321926982
9780321926982
9781308113586
9781429255264
9780073524139
9780073524139
9780674005457
9780881335408
9780547339108
9780881335408
9780547339108
9780674005457
9780393958034
9780674063815
9780073330495
9780199662661
9780073330501
9780393912661
9781421410319
9781400075324
9780312257378
9780393912654
9780963020314
9781118541890
9780060995065
9780394751726
9780679721031
9780684826806
9780199688777
9781118390078
9781118390092
9780974320625
9781595620255
9781595620255
9780974320625
9781118390078
9781118390092
9781133435228
9781133435228
9780787975883
9780078029219
9780078029219
9780470620748
9780814417065
9780470449493
9780738213804
9780470449493
9780738213804
9780809105540
9780814417065
9781576753415
9780205579358
9781111221300
9780470485842
9781446249185
9780199364497
9780321629111
9780133880984
9780133880984
9780321946607
9780133051056
9781259609930
9781256829966
9780470526828
9780470905845
9781450450027
9781450450027
9780757592065
9780757592065
9780736030564
9781256943013
9781256943013
9781118344415
9781118344415
9780078022715
9781111543273
9780078022524
9781605352756
9781605352756
9780763793418
9780335219667
9781451115680
9781450443616
9781451177305
9781451176117
9781609139551
9781609139568
9781621590033
9781450424981
9781284057539
9781450456999
9781608718429
9781608313846
9781455704187
9781455704187
9781621590064
9781450469814
9781609139551
9781605473178
9780940780927
9781934931400
9781422490983
9780314257789
9781630437886
9781628101003
9781634250931
9780314152848
9780470881019
9781285845500
9781555706999
9781563086939
9781591584780
9781591586005
9780321923752
9780321923752
9780321923752
9780321923752
9780321923752
9780321923752
9780321645852
9780321199911
9780321645852
9780321199911
9781285473291
9780321199911
9780321925718
9780321925718
9780321199911
9780321965165
9781111649579
9781111649579
9781111649579
9781111649579
9781111649579
9781111649579
9781111649579
9781111649579
9781111649579
9781111649579
9781461436171
9780130457943
9780131453401
9781284080827
9780917360589
9780199944446
9781452239989
9780205029044
9780078119064
9780966960167
9781118324578
9781118324578
9780470614815
0470041925
0470501962
0470501962
9780132555524
9780078029547
9781133604518
9780077645069
9781285432625
9781285432625
9780132109864
9780739002551
9780739051467
9780393909289
9780935702750
9781119030713
9781118836897
9781118836903
9781119030713
9781118836897
9781118836903
9781119030713
9781118836897
9781118836903
9781118981382
9781119030713
9781118981382
9781118836897
9781118836903
9781119012658
9781118230664
9781118230787
9781119012658
9781118230664
9781118230787
9781119012603
9781118230664
9781118230787
9781119012603
9781118230664
9781118230787
9781119012603
9781118230664
9781118230787
9781119012603
9781118230664
9781118230787
9780199656172
9780801485275
9780226026756
9780684836416
9780486424644
9780872202184
9780226805368
9780745625508
9781447921400
9780205854660
9781323026373
9781429232036
9780133852035
9781285755618
9781577664109
9781118011454
9780393937459
9780205205165
9780199738786
9780520202429
9780618483792
9781595586438
9781118100417
9781118100417
9781118100417
9781118100417
9781133907664
9781133907664
9781133907664
9781133907664
9781133907664
9780073385204
9781933478531
9781285065359
9781285748887
9780890425558
9780078027000
9781476709130
9780062282712
9780078038242
9780974320625
9780321633859
9780132469326
9780538470827
9780393912470
9780803950757
9780415507424
9782210754478
